x <- 40 +20
