x <- 40 -20
y <- 47
z <- x - y
